0000000000000000000
0010000010000000000
0001000011011000000
0001000011011000000
0000000000000000000
0010000010000010000
0001000011011000001
0001000011011000001
0000000000000000000
0010000010000100000
0000000000000000000
0000000000000000000
0000010011000000000
0000100010000000000
0001010010101000001
0001000000000000000
0000000000000001110
0000000000000001100
1000000000000000000
1000000000000000000
1000010111000000000
1000010100110000001
0000010000100000001
0010000000000110010
0010000000000110000
0000000000000001000
0000000000000000000
0100000000000000010
1000000100000001010
0000000000000001000
0100001000000000010
0100000000000000000
0000000000000000000
0000000000000001010
0000000000000000000
0100000000000000010









0000000000000000000
0010000010000000000
0001000011011000000
0001000011011000000
0000000000000000000
0010000010000010000
0001000011011000001
0001000011011000001
0000000000000000000
0010000010000100000
0000000000000000000
0000000000000000000
0000010011000000000
0000100010000000000
0001010010101000000
0001000000000000000
0000000000000001110
0000000000000001100
1000000000000000000
1000000000000000000
1000010111000000000
1000010100110000001
0000010000100000001
0010000000000110010
0010000000000110000
0000000000000001000
0000000000000000000
0100000000000000010
1000000100000001010
0000000000000001000
0100001000000000010
0100000000000000000
0000000000000000000
0000000000000001010
0000000000000000000
0100000000000000010







0100100100000000
0000100100000110
0000111011000000
0000110001000000
0110101000000000
0000100100000110
0000110011000000
0000101111000000
0000000000000000
0000100100000110
0000000000000000
0000000000000000
0000100100000001
0000100100000110
0000100100000100
0000111001000000
0010100000000000
0010100010000000
0001000011000001
0001000011000001
0000100100000101
0000100100000101
0000100100000001
0000100000100000
0000100010100000
0010110010100000
0000000000000000
0000100100000110
0010111000100100
0010111010100000
0000100100000001
0000100100000110
1000000000001000
0011000010100000
0000000000000000
0001000000010000





0100100100000000
0000100100000110
0000111011000000
0000110001000000
0110101000000000
0000100100000110
0000110011000000
0000101111000000
0001100001000000
0000100100000110
0000000000000000
0000000000000000
0000100100000001
0000100100000110
0000100100000100
0000111001000000
0010100000000000
0010100010000000
0001000011000001
0001000011000001
0000100100000101
0000100100000101
0000100100000001
0000100000100000
0000100010100000
0010110010100000
0000000000000000
0000100100000110
0010111000100100
0010111010100000
0000100100000001
0000100100000110
1000000000001000
0011000010100000
0000000000000000
0001000000010000
